contorum· Brongn. 37.
000001010Μο0. (0100001105) 320.
0005010111 Μο55. (Νο001003) 320.
0000010011ουοι11055.(11000101000) 479.
1100011000 1100. 469.
1100000011 Sap. (smilax) 183.
0000111011051100. 57.
0000001101ἰο Μο55. (1100100010010) 365.
cordatum Mass. (1000 var.) 356.
0000110110 Lindl. (Populus) 268.
00010000 Vis. et Mass„ (11005) 442.
0010101055. 371.
0000011εο 11055. (Quercus) 214.
1100010011 Mass. (1101051005) 374.
00001001 Mass. (Pomm) 375.
000011011οῐ0 Μο55.(Ρο10010010001) 458.
0000110110511055. (0000011105) 398.
00001101105 Μο55. (80001001105) 487.
0000051100. 404.
coronatum 10. (phadaiam) 2.
coronatus 10. 50. (91ιο0101105) 2.
13001001800000. (penites) 126.
cortesii(ss1·ongn.)Sch.(Pinus-Pinaster2)
0000011100. (Ρ1105) 120.
corylus 1000001. 199.
00501001100001110. 27.
005100 111055. (Quercus) 214.
0000101050. (Carya) 242.
0051010 (Ung.) 800. (Carya) 240.
0051010 Ung. (1001000) 240.
0051010511055. (80001105) 177.
costatus 810001). (7001000000) 240
00111010οθ05 (11055.) 1105010. 01 80010.
(00001105) 510.
00010000005 111055. (00000110ιο5) 510.
catenantur Medik. 443.
00011510 8010001. (8000010) 112.
Graecorum Mass. (11011001005) 347.
000550 11055. (0010550010 000.) 52.
crassa Scaph. (110101101001110) 77.
000550 Μο55. (801000000000) 155.
00055100510 Μο55. 01 11150100010010015)
102.
0005000010 (1000. (Quercus) 200.
0000000015 oieb. (Peeopteris) 92.
00050000 Mass. (Pcoearites 000.) 38.

1148

0000001011. (1111001000οὼ0) 54.

0005505 (800.)110115 (101100000105) 35.

crassus (Savi 01 1100011105. 01 80. (Go-
11105) 67.

crassus Sm. (8000015000) 35.

0005008001 01 Μο0. (80000100) 07.

1001000011011. 444.

0000000005 80010. (110001011ωο1005)
171.

arenata Ung. (0000000005) 330.

0000010 (ng.) 8000100010) 330.

0000010 0000010000) 260, 208.

0000010 Ung. (Populus) 271.

00000101 Web. (110015) 88.

000001010 11055. (0010550010 var.) 52.

crenuzata 11000 (Populus) 200.

crescentii Μο55.(.41005) 257.

00010 11100. (0001000151) 23.

0001011100. (0000000000) 22.

(1001501100. (80001101) 22.

0001ιο 1100. (80000001) 18.

101000110011055. 181.

0010110511055. (11010100ῃί105) 71.

cristatus Μο55. (Νο00011001105) 75.

00055011511055. (1100000005) 373.

cryptomerioides Mass. (1000000001)
120.

000010000101005 Mass. (1101105) 120.

000010111050000. 327.

00000010100511055.(1010000100100) 136.

0000011100 Bow. 410.

0000011110011055. (80000510010) 334.

000000111005 (11055.) Μο5011. 0180010.
(00001105) 518.

0000001100ιο 11055. (0000011105) 518.

00101105800000. 141.

0000110110 Μο55. (80000110) 490.

0000110110 00000. (platanus) 355, 412.

1100001021οω. 305.

0000010101105 Μο55. (1110000005) 398.

0000010100 0000. (0000005) 226.

00000011001100. 365.

0001001000. 421.

000050511000000. 119.

0000005000100110005 134.

00010011 Mass (000100) 430.

cursoria nomi. (0000110010) 15.

 

