508

Ρ19999919919111. Sm. 10. “ 9919999199 (Α. 39.) 11999 (0199999-
91199999991 00911.(1.19119911999199) 54. 999) 309.

9119999199 099. (09919999 999.) 208. 99199991991119.(1)9919999999) 310.
9119999199 099. (09919999 999.) 444. 99199999119991.3910999999) 309,
9119999199 099. (01·1019119191) 07. 312. ·
9119999199 099. (199999 999.) 299. 991999991199 111999. (Ρ199991199) 39.
9119999199 099 9 91199 (1911999999.)297 99199901911199 1199. 9(09919919919· 1199119.)
9119999199 099. (0199 999.) 495. 99.

9119999199 099. (Populus 999) 212 991999919911999(19919999-0991991.)
9119999199 099. (Posidonia 999.) 150. 99.

9119999191 099. (Quercus 999.) 225. 0919990199 1199. 00.

9119999199 sacco (1999119999 999.) 00. 99199199099019991). (191199999πί9) 157.
9119999199 8991912999119999 999.) 60. 0919911991199 Μ999. 4.

9119999199 899. 99 11199. (1199099909 9991199919 Μ999. (0999999919) 335.

vav.) 91. 0999919199. 457.

91199991999 09911. (0999191199) 47. 9991999 Mass. (Ficus) 287.
9199991199 111999. 81. 1199919999 09911. (Acer) 352.
1119999199991119. (1999911911) 174. Ponzii Mass· (Terminalia) 410.
91999999(0991 91Μ99.)11199911.9909919. populi Β). 99111. sp. (9999101999) 2.

(0999091199) 48. Populi 111. 99 111. (9099101919) 2.
9199999899191919992999109) 48. 9999119911999. (0999999999) 339.
91991999191199.(111919) 270. 99991199 Mass. (119111999-111990991119)
919919999191199. (Ulmus) 279. 490.
Ρ1999909119119(Ρ1999-Ρ1999199) 131. 99991199 Μ999. (0999199199) 424.
Plutonis (Menegh.) Mes. 99 Sq. (1119- 99991199 Μ999. (1190999999) 408.

9119) 159. 99991199 1199999. (1119111199) 208.
Plutonis 119999.(1’991199191999) 159. 99991199911999.(0991199999) 401.
79991199 399999. 130. Populi 999719 91. 119. (0999999) -4, 5.
9911999999 1199. (1191099999) 407, 470. 11999199 1999991. 205.

9991999999 Vis. 99 Μ999. (1191099919) 1199999 3999. 501.

454. 9999991099 Μ999. (0919919) 502.
9991999999 91.119.(0199111991ιία) 470. 1199109919111919. 150.
9911999991911911911199. 91 Sq. (0919999919) 999991999199999. (0999990999) 327.

01· · 9991191119 Mass. (99911919) 119.
podocarpiphyllus Μ999. (0919999099) 09199999991199. 153.

53. 99199911190199Μ999. (0919919) 503.
1909999999 11119911. 100. 999999111911199(Μ999.)8991999999) 503.
190999919911999 439. 99919999 1199. (1111999) 275.
polaris Lesq. (10999) 129. 99999999 Μ999. (11199199) 253.
991119199999999.(0999191199) 49. · 91·999999911119.191991999919) 34.
99199919911199111999. 9111911.(099919· 9999199919 11119. (medicata) 34.

ptus) 423· 99999119991199.(Αά919999991) 289.
991 ymera 11119. (1199119919) 24. 991999999919 091). (91999- 199091) 128.
9919999119 Hem· (camphora) 310. 99199999 111999. (999119) 402.
99199999191119(119919999999) 309,,311 9919999 Μ999. (019999) 307.

312. 99191999 Ung (0911191919) 455.
9919999999111999. (Protea) 431. 99199999Μ999.(11909911199999919) 71.

 

