1iniphyllos Mass. (1155515) 111.
11555115511555. (1111551551155) 70.
1155511155 Mass, (1851θηί55515) 70.
Lioyana Mass. (1115151155) 397.
1155111555 11555. (Andromeda) 180.
1151115515511115. 109.
115151551551555 Μ555. (Quercus) 221.
111151511111115. 322 <
1111555115511555511. 10.
1111511555151101111. 58.
1111551155115 51 11555. (0515511115) 513.
1115551555 307.
1111555115 L. 511.
1515151155(05111155555131) 280.
1515155 8151111. (1211511155) 355
1515551115 Mass. (0551151155) 151.
[11511111815155 131.
lomatioides (11555)1155511. 51 85515.
(05551155) 510.
1555τὶ51355 11555 (Car-polimus) 510.
151511·1551(155(85555) 115551. 51 851115.
(1151115515) 57.
1555155155 85555 (1501555115) 57.
1555155515115 11555. (8555155155 155.)
1555111115 Ung. (0551555) 221.
1555155115 stt. (1151115115) 250.
1511511511511. 85. (1115555555) 192.
1555115115 11551· (11511) 383.
1555115115 Ung. (Myrina) 250.
1155115115 0055. (Ulmus) 108.
longirolium Mass. (Taxodlum 5551) 109.
1555115155 Μ555.(355511111111555.) 109.
15115115ῑί15 11555 (sapiendus) 301.
1555155515. (1511555155) 11.
longipes (11555) 1155511. 51 85515. (055-
51155) 517.
15551555 Μ555.(055551111155) 517.
15551555 9155110551. (0151551155) 15.
’ 15551555 11555(0155111“155555.) 15.
155515551511555(015111151155 155.) 15.
1555551515 11555. 51 Web. (85115) 202.
1555551511 85515. (0155151155) 11.
1555551511 851115. (1555111555) 59.
1555115555 11555.(9115511151155) 109.
15115111 8555155511) 321.
15151155 Mass (zizyphus) 300.

881

151551 Mass. (051115) 281.
Lucumomum Gaud. (Quercus) 222
Ludwigii 8511(Ρί1155-91555155) 123.
[uhu Willd. 331.

111111115155115 Μ55511. 51 85515. (0115111151-
151512115488511 5111555511. (1155511155)
1111141ῗ58155115 95.

lyram Greg. (Amphora) 12.
5551511555.)11.11.(1151511ο15151·.) 12.

1111111511. 100.
1111151555ίοί05 1111155511. (1555515551-
155) 173.
nuenarianam. 157.
5551155151.8151055511551551515) 19.
1555555115Η555(Ρ51·51ια) 502.
1555511101 Dc. 103.
5551555555 11555. (0551511515) 102.
155555555115 11555. (1155511155) 38.
5555555511 11555. (Ρ155511155 151.) 38.
5155551515 Μ555.(811111551151) 181.
1555151515 (Μ555.) 1155511. 51 85. (81111-
155) 181.
51555555 11555. (0515555115 555.) 58.
5551551505 11555 (851111) 262.
macrophylla squin. (Woodwardia 155.)
5555551511515915.5111555.(11515151115-
strum) 389.
maemphyllus (815111.) 8511. (05551551155)
555555151155 815111. (cyperum) 110.
macrophyllus Mass. (1.55115511155) 73.
5155555155 11115.(051·5111115) 101, 251.
5155555155 1155.(85551151·11115) 213.
maeroptera Ung. (05151115) 192.
1115555555 Μ555.(051555551155) 52.
macrostaehya Mass. (Mariminna) 157.
maculans 11555. (85115551551155) 1.
515511115511555 (1115115515) 3.
155551115511555 sp. (8151155115) 3.
515551115511551· (1151551151) 3.
1555151511. 183.
maesaesolium Mass. (Malpighiastrum)

 

