rosarium Mass· (11011100000010) 68. 8000110110 utu (11101οῑ10110) 143
1100011011οη0 (1100.) Ηο01(111000110111111) 00001100001111(Το0110101010111) 158
91, 0010011000 11000(Βο0110110) 503.
1100οι011001ιο11001111000100101100) 91. 0010011000 (11000.) 1100011. 01 80010.

1100001001011 11001 (cinnamomum) 311. (11010110) 503.
1100001οε10111000.(01011011101110111) 310. 0010011000 Μο00. (801100) 436.
800000001011 1100. (1111001000) 397. 00100000011000.(81011101101) 187.
11001101011110. (10001100) 113. 8010011000 (Musa) Mesch. 0180. (smilax)
11οο11100111111.111.(Το000111011) 109. 187.

11010111 11000. (80010100) 363. 00100000οω Μο00. (0011101000011111010)
rotunda 11000. (11000010110) 335. 425.

1010011010 Mass. (9010000110 101.) 52 001000000011000191100011100) 48.
rotundatu Mass. (8001010) 58. 0010011001οω Μο00111000110100) 424.
rotundatu Guepp. (91101000) 412. 001101101011001(001011100010) 169.
rotundatum Mass. (111100000100 101.) 00110110110 0000. (10010100) 233.

323. 00110110110111001(Ρ11100101100) 169.
rotundatas Μο00.(1101000011100) 58. 00110100000.(Μ11100) 252.
rotundatas 11000.(Ρ110111’100) 52. 00110100101111100011. (8001111001) 477.
101001111011001 1110. 01 Mass. (1101010110 011101100111000011101.(1010110) 386.

strum) 376. 0011001100 Μο00 (11000110 101.) 428.
1010008010 800. (8011100) 183. 1011001000 11001 (1101100) 485.
101000110110000011. 01811. (Phyllius) 0011001000 Al. 81. (Μ110100) 485.

512. 00110010001111100. (Μο10101100) 485.
1010101110100 800. (8011001100) 183. 001100011110 Μο00. (0001100) 421.
1011110110 11000000111111) 359. 00110001011010 11000. (8110101001) 477.
1011110110 11000. (0001000) 231. 0011000010 110001800101100) 363.
11111111 1100. 145. 0011001110100οΜ000(0011100000010)294.
8000110000 11000. (Daphne) 429. 001100111101000 1100. (1101110) 118.
1010 Per. (Palaeomeandron) 79. 00110010100100110111.(110000011100) 118.
100010 80000. (Ρ1010000) 411. 001100101011100 (1100.) 11001 (1110000100)
111110101ου11 11001 (Ficus) 288. 117.
111101101οη0 90011. (11110100) 485. 00110010101000 ung. 1111110100) 118.
1000000ἰο Ηο01 (Pueris) 89. 0011000011.Β1.(110111100011011) 361.
11110010 1100. 152. 8011110801.(800110110) 17.
110000000νί Μο00. (1000000010ιο0) 8111100 (W. Sm.) V. 11001011 (8011111110

298. 101.) 17.

1101111110 (1101. 25. 0011011111.810.(80001110) 17.
Rutulorum Mass, (Apocynophyllum) 00111101011180110011. (11011001) 122.

499. 0011001001(Ρο110)8011.(8100011000101)
101001111010110 Mass. (Terminalia) 418. 122.
1111001001110οΜ000 (011οο111100) 48. 8011110000. 105·

salisburiae Mass. (8010101100) 8.
81101 16000. 166. 0011010110110011000. (1010011100) 106.
sabinorum 11000. (Euonymus) 373. 801111 1001001. 260.
80001 80010. (111011001ου00) 95. 00100110100011000.(010010) 328.
0001111010 1100.(81111001100) 187. 8011011 Ηοο1(6010100) 451.
000111110ιο (1100.) 11001 (smilax) 187. 0010011011οι Muss- (1001101.) 351.

 

