septimaniam Web. (16666166-26116)
6666116 86616. (1661616) 96.
666611661611. (1661) 349.
sepultum 16111. (3661661616) 139.
sepullum 11666. (sambuelum) 139.
sepullum ng. (3666661661) 137.
8666166661. 111.
66116 11666. (Quercus) 278.
66116066.(0661666) 346.
6611616116 0166. (0661666) 228Ί
66661616066111111661666) 396.
sessilis Mass. (0616666116) 53.
setigera 31161. (Rhiaosolenla) 36.
8661116611 11. 8111166111616661) 410.
616616 6111. (1111116116) 21.
6166166 611. (2166661661) 25.
61666161161166.(1)61666666616) 283.
811616111661166. 400.
816661116666666. (1661666) 233.
6111661161616 (Μ666.) 116666. 61861116.
(06161166) 513.
61116611611616 Μ666. (0616611116) 516.
8116111166 Μ666. 510.
6161116 6666616666) 388.
similis 11666. (Pisonis) 296.
6161116 11666. (Terminalia) 418.

· 8116111166Μ688.(861111) 265.

81166661611166611.(0661661) 206.
simplae Shedb. (1166161616) 24.
6111661616 11661(Ρ611666161666) 77.
sinuatum Μ666. (Acer 161.) 351.
sinuatus 116661061661166 161.) 377.
8166166616111. 318.

elnam-ayla· Pohl. 506.

811166 6111. (1611616666) 36.
8166661166 (laud. 61 811. (1661) 354.
81666616 Μ6661. (1111166) 252.
81666666666 11661 ‹paliurus› 389.
8611661166 316666. 188.

8111611 1661661. 182.
8616611686. 504.

86116611 11666. (1666166) 104.
Somniorum Mass. (Ulmus) 280.
8661116 0. Web· (6611166166) 498.
66116111. 816116 460.
66666161611611666.<0666161 469. ’

86611666 Ung. (166616) 472.
6611166116 Ung. (6616616111) 450.
66161166611166.) 8611. (1161161116) 135.
6616116666 Ung. (11661) 332.
6616116666 (ung.) 8611166 11616616·
bium) 4511.
6111666666166116611161) 135.
spada (11666.) 8611. (1161161) 159.
866616 11666. (1661661666) 159.
86666666 Μ666. (coriaria) 187.
8661166666 1166618661661166) 187.
8661116666 (11666.) 861166. (smilax) ·
Spadonii Μ666.(0661666) 228.
8661666161166. 159.
Spartamne· 11666. 75.
6661161616116 11666. (8661616) 440.
6661161616 Μ666. (Aralla 161.) 402.
6661161616 11666. (0616666116161.) 51.
6661161616 11666 (6666616 var.) 428.

661111ῗὲ111 (Sevi) Mass. (Flabellaria)

6661661616 Μ666. (116166 var.) 435.
6661161616 8611 (1116616616111166) 167.
6661161666 8161611. (6666661116) 51.
speciosa Μ666. (0666161616) 505.
6666166666661166616616) 505.
6666166666111611661 247.
speciosa 11661 (Persea) 304.
6661116666866161666666111111166) 192.
speciem Mass. (Ρ16111166) 505.
6666161116 1166110166666666) 313.
6666166616(611111611611116661116) 15.
spectabilis ung. (Plioenleiies) 170.
spectabilis 11666. (1116111166) 513.
spectabilis Mass. (Plerigophyaos) 55.
spectabas 6111. (8666616) 15.
666666161161666 Μ666.(061661166) 56.
6616661611οῇ6 Μ666.(11666611166) 56.
6616666166 Μ666. (0161611166) 156.
6616661166 Μ666. (1116οά661166) 382.
8616666166 Mass. 155.
6616661616 Μ666. (1166) 384.

6611666616666 11666. (0661616166) 40.
8611011166 Ung. 4.
86116166 (ω 8161611. 41.
. 611666ὶὲἱοβῦω 1166611661) 354.
1

 

