542

0101000100 Eur. 30
0001000001 11001 (cyperus) 142.
0110111100 Μο00. (0101110100) 325.
0110101011ιο Μο00 (11001110111001) 343.
0111010010011000. (80011010) 433.
0010100100 Mass (1100100110) 319.
0100100100 Mass. (Moriudu) 507.
0111010010οΜ000. (30011100) 353.
011111001ιί00 Mass. (Quercus) 433.
chiuvouicum Mass. (Apuuyuophyllum)
500.
011101001000 Μο00.(01100011100) 43.
00101001000 Μο00. (cytisus) 443.
0111010010υο Μο00.(Ρ11000100001000) 170
00101111 Mass. (10110) 301.
0000101100 11001. 447.
001100οΜ000. (0010110010) 440.
Chironis Mass. (01·100010) 440.
011101011111101101. (Quercus) 213.
chloroplugmu 11000.(200011100) 03.
000001101000Μο00(1>100011100101.) 38.
0100ον101110011000.(1100011100 var.) 38.
0000411100 810101). 41.
310001000100 Squiu. 53.
01101110010010110 Mass (0000100) 433.
0111004100 F. 85.
0111000110οι 1100. 480.
0100100000 11001 (00010110) 33.
0100100010110 11000. (Persea 1) 238.
010010010100001. 507.
0100100011 Mass. (Andromeda) 480.
001011010110001000 (11111000) 238.
000010000110110 1111010111001001) 310,

010001000010110 Μο00(001111001000)183.

1100010010111101101100111001000) 311.

000οᾌ001011ος 310010. (3111111101)

¹ 01000010οε01 1100010. (Phyllidos) 303,

crnnaffium Burrn. 308

cinnamomum 1100010. (3111111100) 311.

0101011100 Sap. (11111000) 387.

0100001100. 387.

0101010 (11. 30111.) 111100. (0110110110)
1.

010101οἰ1100 1100. 506.

0111110110 11000. (Fisus) 230.
01111101101011000. (3100001000) 334.
01110100011000.(110011011000111111110) 342.
011100001011οΜ000. (1011000) 233.
0111011110 Μο00 (3100001000) 334.
0101001010]ἰο Μο00. (8100001000) 334.
0100100111 11000. (001110110-1101101110)
0111000111Μο0. (0001000) 320.
0110000000001011111. 13.

0111οΙ0 11100. 328.

0100101000 Μο00. (80100110) 430.
0101110 11101110. 400.

0010111000 11000.(80111001100) 183.
0000111000 (11000.) 80010111. (8101101)
00001111 0000. 01 811. (1110100) 277.
0000010110 1000. 234.
00000101010110Μο00.(00011101011010)337.
00000100010110 11000. (0101010) 337.
000000010 (Eur.) 13.

cochleatum 8011 01 11000111. (30001000)

0000011100. 170.

000101000 11000. (0010011100) 53
0011101001 11000.(10000101100) 50.
emur· 8101011. 00.
coelebogynoides Μο00.(00010010010) 347.
0011000110 Μο00.(1)01011011101) 252.
0011011011 Mass (3100101010) 300
1101001010 Mass. (0000011100) 43.
Colonum Mass. (Quercus) 213.
0010010110 Μο00. (Ficus) 283.
0011110011010010 451.

0001110100 111111. 413.

0000010010 0111οο0 317.
eommunis (1101180οἰ1011. (0101000110)
0001010οὼ001. (0100101130) 64.
communis 1100111101ὶο var.) 133.
commutata Heer· (Quercus) 224.
commutata Ung. (Quercus) 243.
compressa Mass. (0001001010) 163
concesserim 30111 (8111110110) 5.
00000011100010000. (8110011100) 5.
000011101011010 811010. (0001100) 60.
confertus ng. (0000011101 var.) 45.

 

