500

0100100100001001001011111) 411.
911011110οή001 00000. (Acer) 409.
001011 Mass. (11111) 384.
0111 Το111·001. 494.
0101110110ιο Μ111.(01111110011111001)380.
0111101101 Μ111.(81001101111) 487.
0100010001 Μ111. (100000001011001)
0110001010001 801110. (1101111001) 94.
01018111011111021100. (11101110111001)
olympicum Ung. (01111001011001) 480.
00110011 Μ111. (00111011) 208.
00011111 Mass. (8001100101) 421.
00111110011101110) 250.
01110011111 Μ111.(011111101 111.) 379.
orbicularis castr. (000811) 25.
011100111111100. (Phaseolites) 453.
01110011101 Mass· (8100110111) 487.
01111111 Μ111. (8011101111) 189.
011111 (Μ111.) 111101. 11 801110. (01101111)
517.
0101111111.(0010011“1111) 517.
01111 Μ111. (910111 111.) 431.
0101 Μ111. (80011111) 489.
0110001000100110) 198.
01111001 1100.(811011111) 488, 480.
0110011111 11111.(01110111) 275.
0110110111 11111 314.
0110000101·ίοὶιο Μ111. (10111111) 315.
01100101011100. (0111111101) 370.
0101111100. (Fraxinus) 490.

01111111111. (018101101111.) 319.
ovam w. sm. (10111110) 10.
01111111111.(Ρ111011) 58
00011111. 1111(Ρο0111111) 270.
0001110000.(011110111) 271.

ovata Μ111.(80111001111) 180.
01111 Wess. 11 Web. (smilax) 188.
011101 8111011. (011111111111) 77.
Ovidii Mass. (carpinus) 198.
00110101111101111.(Ρ1’11110) 123.
01011101 Mass. (7110011111) 390.
0110010111 Μ111.(111101100101 111.) 424.
0100101101 1100. (0111111101) 377.
000100111181.)1100.(0100111011·0) 188.
0001001111 Μ111. (1010111111) 100.
0110101111 8111011. (Ρα111011111) 180.

0001001000 00000. (0101111101001)
131.

0001111101 (00100.) 1111111(00011110
xylon) 134.
pachymisohos Μ111. (111001) wo.
pachyphylla 11111. (8011001101) 388.
0101001011 Mass. (80001001011-11.)
010110111111111. (1111010111) 328.
0101001011οε vis. Mass. (0011111101)
377.
0101011001 Mass. (0111111111) 379.
1111110111111100. 458.
0111101111Μ111. (1001001181) 479.
911101111111111. 180.

01111101011111111111111111. (81011111) palmo-pamm 1081.(00110010) 205.

0111111000 Μ111.(00110110) 188.
0111111000 Μ111. (811ίὶ001101) 180.
011101101(Μ111.) 8011010. (smilax) 180.
01001001 1111111010) 304.
0111111111ηο 97.

0111101111. (1001101) 239.
oswinum 81110011. (8101111101) 478.
0100111111 0000. (1011) 352.
011111111111111.(Α11111 111.) 402.
0101110111 Μ111. (Ficus 111.) 283.
001111101101111. (Populus) 271.

91110101111111. 194.

911101011111100. 177.

011101110101111181101. (91001-8110111)
129.

Ρο1001110011 1111. (Ρί111111) 129.

90100111011111 (1111.) 00011.(ΡΙο111·8110
11111) 129.

11110111111801110. 192.

0111111οἰ811 Μ111.(81111101111) 188.

0011110ἰά11 Μ111. (71100101) 188.

211111111001011. 389.

Palladii 11111. (3111111) 258.

011111011001 11011.(0111001110101101101.) Ρο1111011Μ111.(111011110111) 175.

111.

111111111111. (11110111) 175.

 

