4444441414(11’41.) 11441 (8141444144)
242.
denticulata 11441 (84114) 261.
444114414144 Maus. (8114114144) 511.
444414114 ng. [uiyoyrmizoi 440.
444414114 Ung. (1141144) ,147.
4444141111 11444. (1141444414) 432
deperdito 11444. (Pinianus) 411.
1144414114 11444. (8141144114) 183.
1144414114(11444)144441 41 814. (8411411)
deperditum 11444. (4441141.) 413.
deperditum Mass. (14411144) 411.
4444141144 souin. (Adiauium) 87.
deperditum 11444.(1.1441444141 vui.)
4444141144 Mass. (Acerdos) 355.
4444141144 iiii. (colosum). 375.
4444141144 (11444.) Mesoh. 41 814104·
441441144). 145.
deperditus 111444 (0444141111) 145.
44144144141144 Web. (144144) 271.
dertonensis 84444 (1114141414114144)
81.
Do 814441114141444-111444141) 126.
4441144144 4444. (04111414444141144)
421.
detectus? 844. (euporius) 144
4414414411844.) 8441410444) 144.
Deucalionis (8444841144. (04441441-
usi 145.
Deucalionis 11441 (04444144) 145.
Deucalionis ng. (uagus) 201.
11444111441144,(1’4444) 202.
De 11414411 D. Sism. (1114111144) 273.
Du 11141441(1 8144.) 84444 (14441441)
44114411. 8414. (0444144414444) 31.
Dewuiquoi 844411444141144) 209.
1114414 11444. (014444) 388.
4141414414 11441· (1414444414) 147.
4141414444 Mass. (0144411144) 49.
414144414144 Mass. (Ρ144411144) 37.
didymo 1111. (1114144414) 10.
didymo (1111.) 114411. (44114414) 10.
4144441111. (Pinuuiuriu) 10.
difforme 814141. (1441441441) 245.

545

difformis 8414. (0444441141) 45.
difformis Brougu. (1111441441) 45.
4111411414 11444. (Ρ1444411144) 154.
4111444 844. (041411) 142.
4141411114 Vis. 41 Mass. (0444111) 465.
4141414111 (1144444441. 4184414. (Do-
14444114) 52.
dimidiatus Mass. (1141444νί144) 52.
[11444481114441. (044414) 406.
1114444141414 ung. (1111441444) 243.
4144441114114 Μ444. (04144414) 508.
41444411141144 (11444) 841144. (4114-
111441 483.
diosoyrifouiu 11444. (Arouioi) 48³.
411114111441441. 400.
4144441414 11444. (0444444444) 415.
4144441414144411144444441414) 415
discophorum 814141. (0144411141) 415.
4444414141814444. (1144411141) 415.
discophorus Μ4441Ρ41144141444) 415.
4444141444. (Hippopuoe, 515.
414144411114441. (1441444114) 475.
4141444 1111. (Μ4144114) LXII.
distichum (44411441. 81. (1444111414)
distichum 4144441444 11441 (14114-
4144) 108.
0441111144 Linn. 367.
111114111441144. 452.
4411414414114484414. (0144411144) 44.
[14114144 (Wuil.) 014411444444444114)
1141141114 111411.(8441414) 23.
0441414441 ng. 336.
1144411444 11444. (041411141144) 57.
11444144441114. 41 Mose. ‹salicorum›
Doriae 814414.(01144441441) 85.
4111141141114411. 3.
drooeuophyllo 114441111444141144) 138.
414441141411411 11444. 182.
4144144144 0. F. Meyeu 455.
Druidum 1141. (1141441441144) 421.

’ Druidum Ung. (114111414411144) 381.

Dryadum 4441441111141411 255.
Dryadum Duongn. (841414) 254.

,1111414111 11. Brown 440.

35

 

