661616616011. 61 Μ611.(Ρ61166161116111)
459.

6616166116 1116. 61 1111116161161611)
317.

661616661111611. (366111) 203.

6616166116 1111. 6111611. (16616111) 236.

11611166111111661Μ116196661161) 140.

6616166111 Mass. (8661111111) 363.

6666166111 1111. 61 Mass. (Smilamtes)

11616166111(011.61 1161618661116. (8161·
1611) 185.

novus Squiu. (cyperus) 144.

6661666111 3161166. (766661 116.

1611111111616. 57. 1

Numana Μ611.(3161111111) 191.

nummus Μ611.(01666116661661) 456.

11116 taurinensis 8161611. (1661666161)
237.

11111166111166111 (8161116.) 31611611. (16·
glans) 237.

1111111161 Ν6611. 324.

1 66166666616111188.(6161166161) 185.

1111116116611161 (Mass.) 11161611. 61 Sq.
(smilax) 185.

Nympharum (16611. 61811. (salix) 263.

111166116ῑά61 (31611116.) 11161611. 61866111.
(1161111161) 514.

6666661661 3166616616111611111111) 514.

1111111166. 474.

519

’6111111616 11661· (Ficus) 236.
6611116661 (8611 61 1116116111.) 866111.
(6666611161) 48. ’
6616166618161 61 61666311. (36661661)

6616114611611611. (cassia) 469.
6616111611116 Mass. (cinnamomum 161.)

obtusilobum Mass. (1661 161.) 351.
6616111661111 Mass, (1.111611611111611 161.)
661611616616116611. (cymbala) 12.
obtusum 3111.(Τ1·16616111111) 24. ·
6616161816166.(0666611’111) 403.
66111161 31611111. (3116611161) 403.
66111161 3161166. (3166166661) 403.
66666166 ung. (3666116161) 423.
6666616111 (16666. (1461611161) 132.
61666166 Ung. (1161161) 132.
6666611161 Hem· (Ρ16111) 132.
6666611161 (Ung.) 8611. [sapimus-Abies)
66611616(3111.1)Κ1611.(36111166116) 21.
6661661666 Mass. (666161) 300.
66616166ἰά61 Mass. (Laurus) 300.
octonarius 3111. (161166616161) 35.
Oculus iridis 3111. (06161666116111) 33.
0116111111 Μ611.()’111111111111) 509.
0166111116 Κ11611. 17.
6661666111611. 31.(14616611111) 502.
6661666611 1161116. (06161666) 470.

66111611611616 661110166661616661111.) 0661661616 Μ611.(661661“6) 376.

661116 Μ611. (3666116111) 424.
oblonga Ung. (06161661) 197.
66161166 Ung. (carpinus) 243.
6016666 Web. (carpinus) 197.
6016666 111. 31. (Populus) 271.
oblonga Web. (Steiuhanera) 113‚410.
661663116116611163111. (36166116) 439.
66166661 111. 31. (0111161111) 137.
66166661 111611. (31671611) 345.
oblongus Mass. (861161666611161) 1.
61161616 111611. (0616116116161.) 52.
6666616166. (166161) 301.

6661616 Web. (1611161) 300.
obtusangula Heer (smilax) 1115

6661666616 Ung. (41616166) 502.
66616666111111.31.((116616111661161) 111.
6661116161ιὲ1 Ung. (016616166661) 111.
6661666661 ΑΙ. 31.(116661611116) 301.
oeningensis (ΑΙ. 31·.)11661(9111611611161)
133, 133152.
6661616616 (111111.) 11661 (3616116) 502.
661111166ηεί1 Ung. (316111) 39.
oeningensis Α. 31666 (3116161161) 397.
6661666661 Ung. (11661) 456.
6661661661 36111. (Tamalites) 111.
0666ιή16166 Mass⁴ (Andromeda) 430.
0666111161166 (Mass.) 86666 (Leucothoe)
oeymmusmna 116661061666666111) 330.

 

