66606666 11666. (1161·1106111606) 54.

6661661066 Μ666. (0661666) 231.
666611161666 661. (Phoebe) 316.
6666111611 11061· (1161661166) 371.
6666111011 6666. (1111606666106) 381.
(166611161186616. (Pinus-sumbus) 130.
6666111611 11661 (Quercus) 211.
66611111011616 1111. (6001611666) 31.
66611616 11111. (8166616) 18.
6666611101166666. (6066016) 401.
6666160166661666.)11666661866161661-
61106) 518.
6661661661 Μ666. (0616616661) 513.
eaput-Medusae Mass. (2066111611) 61.
66661-1166666 Μ666. 1106661606) 61.
66166ᾱί01666 (Mass.) Mesch. 61 86616.
(66161166) 515.
6616666661 11666. (6616010661) 515.
(16166611 Μ666. (0661666) 211.
661016666161016 Vis. 6161666 (1061666)
661611 11666. 141.
6611601661 Ung. (11661) 332.
6611601666 11116. (8161661111 161.) 333
0610116616 86616. (116116161661116) 18.
6616666166616 1161. (6066161106) 416.
66161066 11666. (861616) 256.
6616161661116 Μ666. (1661666) 230.
66161ηοὶ1161 6666. (Remea) 197498.
carpinus 1061661. 106.
66111166 8661166. 514.
1161116111 11661 (1116611661 186.
(1616611666 6161666666) 212.
66116 6611. 240.
6611610116 Μ666. (Rbus) 346.
66611611 Vis. 61 11666. (1161161116) 454.
6660166616 Squin. (10066160661.
666616 Linn. 464.
66616666 1061661. 204.
666666610116 11661 (161661) 208.
6611666610116 Ung. (16661) 201.
6661611161661666. 162.
0661616616 Μ666. (116106616116) 156.
6611611161666 Μ666. (11666161) 156.
6661160616 6666. 61 811·.(Ρ61111166)512.
catena 11111. (16116116) 21.
661011 Μ666. (6661161166) 150.

141

6610111 11666 (0616666116161.) 52.

Catulli Mass. (0616666161) 52.

caudata 0066. (861616) 254.

660161661616. 39.

66116111166 8161611. 40.

6661616661 Mass· (0661161161) 345.

6601161166 810060. 150.

6666016110116 Mass. (Dombeyopsis) 331.

66666161661116 Mass. (0616666116 161.)
51.

666601616661111 Μ666. (06111161161)51.

666001606166 Mass. (161116611661401.

666101116 Linn. 308.

66610616166661 1111161611. (1411066161-
dium) 101.

6611161161011616 Μ666. (161101011616) 460.

6611061101111666 133.

6616611166 Μ666. (86611616) 440.

6616611166 Μ666. (1116111166) 434.

661661101666 1111. (6116166) 484.

661661101611116 0666 310.

661661166 1160. 313.

66661016 8111. (0661161066οα) 33.

6611010666 6111. (66116661101166) 33.

6611110116 Μ666. (1611666) 231

661116 1061661. 280.

666160661606161 11661 (66161116) 4.

66616066160166611661 6618611611166) 4.

666116116 1161. (6066160616666) 32.

6616111166 Μ666. 55.

661661101166 Μ666. (1116611666) 313.

6616161616 1161. 23.

66161666161111 sm. 406.

6616606611161666 11666. (Μ66616) 414.

66161661111011 1166. 202

66161016611661166611. 105.

661016 1166. 461.

661066111 Μ666. (11611066)495.

66106661 Μ666. (Ρ61101061616) 406.

chamaedrys ung. (11116166)484.

6166666666 1166016661) 196

61161616166616 (11666.) 666611. 6186616.
(66161166) 510.

6666616616 Μ666. (0616061161) 516.

01616 116111. 83.

61161610166361666. (6166666616) 141,

0661666666( (1661 (0661666) 212,

 

