1166661111166666116666661616661 96.
1161611166161 6166616666) 362.
1166116116116(11666.)11166. 618610616666·
116) 53.
666161666611666. (061666νί166) 53.
1166616811. 403.
hederoeforme 06666. (Acer) 410.
1166661166 1. 61 G. 116161 318.
Heerii Mass. (11661) 412.
1166νί1 Μ666. (6666661661) 137.
1166111· 61116661 (carpinus) 197.
1166111 3166. 1061661166) 375.
116611 8166. (corylus) 109.
1166111 Μ666. (6661661166) 345.
166111 0666. (01666661116) 315.
1166111 111116661.(11166666) 396.
1166111 1666136666) 114.
16166166161161066111666. (1166616616)
Heliadum Ung. (166166) 298.
Heliadum Ung. (Populus) 268.
Heliadum Μ666. 1661611616) 504.
11611616 1661. 436.
16116161616116 Mass. (Rhopala) 436.
116116161616116. 341.
161616116661666 36666 (1161616116166)
78.
16166116611661·(36611616) 107.
1161161166 11661 (11661616) 439.
161161166 11661 (66616616116-1166116·
6166) 99.
1616666366. (66111666) 99.
helvetiae 11661 (1611166-6661661.) 99.
1616666611(Ρ116666461161 99.
helveticum 11661616666666161166) 498.
116166116661111661.-Οο61. (Liriodendron)
322. ,
helveticum 11666111166666166 161.)
1161661661 Brun. (1166611166) 74.
366161661611661116. 171.
1661616116. Μ666. (1616661116) 433.
1161616166 1116. 61 Μ666. (166616) 471.
1166166 Ung. (Pinites) 124.
1166166 (1166.) 11661 (11166Ρί16161)
166166 Ung. (8166616166) 490.

551

1616111666 Pane (1111611666166) 54.
1161616 1166. (1111666) 368.
Hernicorum Mass. (Terminalia) 417.
11666116νί 66611666111616) 100.
116661611 (11661) 861166. (6666616116-
ease-ea) 100.
1166661116611611111 Mass. 342.
1161616666 Μ666. (Quercus) 435.
1616666616 116666161661161.) 435.
1616616166 Μ666. (1661161.) 351.
1616666166 Μ666. (8116116166) 510.
6616661616 Mass. (116166νί6) 379.
161616616116 (8611611166.) MeS. 61 Sq.
(6661666116) 64.
16161661611661166.(1>616661ο1)166) 459.
1616661606 Sevi 61 Men. (0611666111-
166) 64.
1166161666 Mass. (6661666666) 338
116611611611116 Μ666.(Β1666116111166) 191.
11116611611611666. (0661666666) 338.
hieroglyphice 11661 (11616161166616) 79.
1111661. 11116611. 368.
11666611 316161.(11166616116) 74.
11666161161666. 299.
6666661666 Ag. 15.
1161661116 11661. 71.
116166611 1111. (0166611166) 46.
1161161666111111. 408.
11661661611611611. 195.
166661661666Μ666.(3611661166) 188.
116616616166661611666. 71.
1661661616 Ung. 11661616) 235.
1166111616. 72.
11611616616111111. 66111. 94.
11666666ῃί1 AE. Sm. (1161116616) 22.
1666166166666666.(6616661166) 431.
16661611161666 Μ666. (Protea 161.) 431.
hyperborea Mass. (066616) 468.
1666116166 6161666616) 466.
1166611616 11611. 327.
11666166161161111. 03.

16661ἒ6666161166Μ666.(6116666616)
4.

16166616666666.(161616116611661371.
1166161116611116. 3.

1616666 11611661. <Pinus-Taedae) 126.

 

