111111111111·111111111 seh. 97. 1111111111 11111. (111111111111) 157.
1111111111ιί1 1111.1111111.(Ι.111111111ο· ,111ωηί11111 Mass. (Mar-iminna) 157.
, Thus) 119. 3111111811111(1111111111) 116.
81111111111111Μ111. 1. 81111111111111.(1111111) 137.
111111111111111. (0111111111) 76. 81111111 11111. (1111111111) 5091
11111111 1111111. (Lumo-icaria) 76. 11111111111111111 11111.(1.11111) 'wa
sporadum 011. (111111) 259. 111111111Μ111. (1111111111) 31.
1111111111,811.11Μ11.(111111111) 13. 1111111 (11111. (01111121). · 0
11111111118111 11 Mon.) 1111. 1181. striata 1111111111111111). 157.

(2111111111) 13. . 111111181111.(81111111) 75.
squamea Mass· (3111111111 111.) 332. striatas 81111. (211111νί1111) 75.
1111111111 111111. ((1111111111111) 19. 1111111 11111(0111111111111.) 52
1111111·11(81111)Μ111.1181.(Ν1111111· strictum 81111.(31111111111) 85.

11) 17. · strictum 811.(81111111111) 110.
1111111111 81111(1111111111111) 17. 3111111111 01111. (1111111111) 109.
1111111111 Μ111.(111111111111.) 11111. 81111111 (1111111111. 1181111111-
11111111111 Mass. (3111111111 111.) 1111111) 109.

·. 121. 8111111111 fland. 811.(1111111) m.
111111111111111. (1111) 335. 81111111118111111.(Ρο111111) 219.
1111111191 1111111111) 375. 81111111 111111111111111111) 331.
1111111111). 3111111111) 153. 31111111 flaud- (1111111) 103.
1111111111111 Mass. (1111111111111) 81111111 1111111. (11111111111111) 79.

, 313. ’ 31111111 1111.(11111111) 97.
11111111111111111 (011111111111.) 379. 81111111 Menegh. (Ρ111111111111) 30.
111111111111 Mass. (1111111111) 398. 81111111 (11111. Str. (mnus-pinaster)
111111111111111 111111111111111111- 122. =

111) 125. 111111111111111111111111111111111) 391
3111111111 ,1.111. 331.μ . 111111ίεί1111 Mass. (0111111111) 291.
11111111111111Μ111. (Laurus) 303. 1111111111111111111.(01111111111) m
1111111111111111 11111.(1111) 355. 81111111 1111111111) 405. ’
1111111111· (1111. (1111111111) 112. studeri 11111(1111111) 213.
member-ai squin. (cryptomeria) 112. 111111111111111111111111) 238, 211.
11111111119111111111(8111111) lll· 1111111111. (11111) 1311.
11111111ήοὶ111 Mass. (sphaericos) 1. stygium 11111· (8111111111) 110.
11111111111111111111111111111111111111)1. 11111111111111811111),11111 ..· “
111111111111111 uass. (Andromeda) 1811 11111111111111111111.(011111) 469.
1111111111 11111.(111111111111) 61.- 1111111111. 191
1111111111 11111. (1111111111) 13 suaveolens 11111. (Alnus) 202.
11111111(1111.)8111111,(01111111111· 11111111111111111(11111111111 111.)

Laetum) 101.. 319. , ·

mea 11111 (111111111-(11111111111) 11111111111 tum 11111 (1.11111111111
11111ὲὲ13111111111111111) 101. subcassgflffibpp, (1111) 150.

111111111011.(1311111111111) 101. ,111111111111111 (0111111111111) 11.
81111Ξὲ1111έὲ1>1111ὲο1111111 11 31 (911- , 1111141ἑί1111 111111111111111111)

311111111119111.(9111111111) 130. ;11111111111111111(1111111.) 311.

 

