548

1111111111 11111. 1111111111) 321
1111111111111. (1111111) 503.
1111111111 Mass· (Rhopala) 436.
1111111111 Mass. (Acer vau.) 413.
1111111111 Mass, (Liquidambuu 1111.)
413.
1111111111 Μ111. (Pulaeulobium) 460.
1111111111 viv. (1111111111) 355411.
111111111111. 281.
figuliueusis 11111. (Quercus) 218.
11111111 11111. (11111111611111 425.
1111111811111111111111) 49.
1111111111 81111110111111111) 39.
1111111111 11811111111111111111) 16.
1111111111 Μ111. (1111111111) 341.
1111111111(Μ111.)Μ1111.118111111.(81111-
11) 356.
fimbrium Μ111. (1111111111) 256.
111111111111111. (01111110111111) 32.
61111111111-111111111 1111. (0111111111-
1111) 33.
01111111 11111· (1131111111111) 473.
1111111111111111111111) 100.
1111111111 (11111) 8111111. (0111111111-
1111111) 100.
11111111· 11111 (21111111-(111111111111)
11111111· 11111(111111’11“11111) 74.
111111111111811111. 167.
1111111111111111 (Vis. 11Μ111.)111 (He-
11111111111111) 171.
1111111111111111.11111111.(11111111111)
171.
111111111811131.(111111111) 02.
11111111111(811131.) 811111. (2111111111)
111111111111111111 (11·11111111111111) 156.
111111111111111 11111 (Taunum) 60.
11111111111111 1.-0. (2111111111) 00.
11111111111111111111. 61.
11111111111111111. (1111111111) 74.
flagellum 11111. (011111111111) 327.
111111111111.-Οο11. (0111111111) 46.
flexilis Η111·(0111111ι111 1111.) 46.
111111116111. (1111111) 254.
611111111111. (0111111111) 56.
floccum Μ111. (1111111111) 50.

Ι1111111111 11111. (111111111111) 151

[1111111 1111101111111111) 315.

Folia nucis 1111111111 uiue 111111 1111-
uam 81111111. 233.

1111111111 Mass. (castanea) 205.
11111111111111(111111) 205.
fou-mosum 11111111111111111111) 212.
formosum W. Suu. (Pleurosigmu) 11.
11111111111111111 Mass. (Cithuuexylum)
fossilis Ag. (Chondria 1111.) 403.

1111111111111111. 133.
1111111111111111111.(11111111111) 169.
1111111111 1111111. 445.
1111111111111131. 18.
11111111811. (Magnolia) 321.
1111111111 11111111. 495.

uliginosus Mass, (2111111111) 63.
11111111111111. (0111111111) 75.
sunam 11111 (eutium-ius) 75.
funalis Mass. (spartopuyeos) 75.
1111111111181111 (znopuyeos) 60.
[111111181111.(611111111“111) 42.
[1111111811131. (1111111111) 42
11111111 Mass. (11111111.) 350.
ruminet-uis Rossm. (1111111111) 218.
111111111111 (1111111.) suh. (0111111) 218.
1111111111ὼῦ13.(01111111) 206.
1111111111 Μ111 (Cissus) 388.

guledupaefoliu 11111. (6111111) 452.
6111111111 Μ111. (11111111νί111) 158
(1111111111 11111. (1111111111) 172.
0111111111 Ellis. 508.
11111111 sap. (1111111111) 111.
01111111 11111. 345.
111111111111111.(111111111) 217.
6111111111 (Μ111.)111111. 11811111.(Ρ·1-
pulus) 267.
0111111111 Μ111.(11111) 257.
0111111111 1181111. (Daphuogene) 317.
6111111111 61116. 11811. (Laurus) 297.
(1111111111 11111 (11111111) 6.
0111111111 01111. 11. 811. (11111111) 441.
(1111111111 11111· (Quercus) 219.
111111111181111 (zoophyuos) 60.
1111111111111111111111111111) 334.

 

